messageId=urn:uuid:0e06e6c8-c75e-45e0-b97a-3b6b137c3c22)     298 -1399273419342       0       0       0 -1399273419044 -1399273432130
messageId=urn:uuid:1b166371-01ae-4fa0-a81d-1794a45cfd60)     176 -1399273420352       0       0       0 -1399273420176 -1399273432129
messageId=urn:uuid:37748bdb-cfa2-4e96-8736-153e40f986cb)     246 -1399273418846       0       0       0 -1399273418600 -1399273432130
messageId=urn:uuid:4ff0526a-c4d8-46d4-bf85-9bd6f22a6765)      63 -1399273420248       0       0       0 -1399273420185 -1399273432129
messageId=urn:uuid:50a8d2e6-227a-4e5d-abf0-c95371215e6b)     132 -1399273419462       0       0       0 -1399273419330 -1399273432131
messageId=urn:uuid:531dc30f-82bc-4014-8c35-dae234eb8e70)     142 -1399273419750       0       0       0 -1399273419608 -1399273432130
messageId=urn:uuid:80efeb02-cd53-4ff5-8c92-187c90a3d6c0)     131 -1399273419767       0       0       0 -1399273419636 -1399273432129
messageId=urn:uuid:8e63bc8a-9422-486c-9332-a725d546ff90)     307 -1399273418907       0       0       0 -1399273418600 -1399273432130
messageId=urn:uuid:c82646b3-afd7-43cb-8848-9b56614a4cb6)      95 -1399273418784       0       0       0 -1399273418689 -1399273432131
messageId=urn:uuid:d5a4c7ce-9296-4ed2-92c1-1b136bf57dc5)      80 -1399273419884       0       0       0 -1399273419804 -1399273432131
